start=183.149778
volume=58.000000
